spawn:
	size: [8, 8]
	pallete: [grass, wood]
	exits: [spawn, spawn, spawn, exit]
	tiles: [
		0, 0, 0, 0, 0, 0, 0, 0,
		0, 0, 0, 0, 0, 0, 0, 0,
		0, 0, 0, 0, 0, 0, 0, 0,
		0, 0, 0, 0, 0, 0, 0, 0,
		0, 0, 0, 0, 1, 0, 0, 0,
		0, 1, 1, 1, 1, 1, 1, 0,
		0, 0, 0, 0, 0, 0, 0, 0,
		0, 0, 0, 0, 0, 0, 0, 0,
	]

exit:
	size: [8, 8]
	pallete: [grass, lava]
	exits: [none, spawn, none, none]
	tiles: [
		0, 0, 0, 0, 0, 0, 0, 0,
		0, 0, 0, 0, 0, 0, 0, 0,
		0, 0, 0, 0, 0, 0, 0, 0,
		0, 0, 0, 0, 0, 0, 0, 0,
		0, 0, 0, 0, 1, 0, 0, 0,
		0, 1, 1, 1, 1, 1, 1, 0,
		0, 0, 0, 0, 0, 0, 0, 0,
		0, 0, 0, 0, 0, 0, 0, 0,
	]
